
Adding dummy linear equality.

Matrix stats:
 m = 1
 n = 100
 nnz(A) = 0
 max(|A|) = 0.0e+00

Linear constraints:
 <- : 0
 -< : 0
 << : 1
 == : 0
 -- : 0

Variable bounds:
 <- : 0
 -< : 0
 << : 100
 == : 0
 -- : 0

Phase 1 initiated.

Phase 1 complete: feasible point found.

Phase 2 initiated.

iter: 1, fev: 2, f:  7e+03, ||x||: 8e-01

iter ||z|| D   eval M s prd  sres   stp bas bfac fev     df    dx ns
   1 1e+03    1e+02   0  11 5e-07 9e-03            1 -3e+04 2e+00 100
   2 4e+02    4e+01   0  13 4e-07 3e-02            1 -6e+03 1e+00 100
   3 1e+02    1e+02   0  11 5e-07 5e-03            1 -9e+02 7e-01 100
   4 2e+01    4e+01   0   9 2e-07 2e-02            1 -8e+01 9e-02 100
   5 4e+00    8e+00   0   6 9e-07 1e-01            1 -3e+00 3e-01 100
   6 1e+01    3e+01   0   5 2e-08 3e-02            1 -6e-01 8e-02 100
   7 1e+00    4e+00   0   5 7e-12 7e-02            2 -2e-01 1e-01 100
   8 3e+00    7e+00   0   4 3e-08 1e-01            1 -1e-01 2e-01 100
   9 6e+00    1e+01   0   5 3e-15 9e-02            1 -2e-01 8e-02 100
  10 1e+00    3e+00   0   5 2e-10 3e-01            1 -4e-03 2e-01 100

iter: 11, fev: 13, f:  1e-01, ||x||: 7e-01

iter ||z|| D   eval M s prd  sres   stp bas bfac fev     df    dx ns
  11 6e+00    9e+00   0   6 6e-14 5e-02            1 -1e-01 5e-02 100
  12 6e-01    1e+00   0   6 2e-11 3e-01            2 -3e-02 7e-02 100
  13 8e-01    2e+00   0   6 2e-08 5e-01            1 -2e-02 8e-02 100
  14 1e+00    2e+00   0   7 1e-13 4e-01            1 -2e-02 5e-02 100
  15 5e-01    1e+00   0   7 1e-12 9e-01            1 -9e-03 8e-02 100
  16 1e+00    2e+00   0   7 5e-10 4e-01            1 -1e-02 3e-02 100
  17 2e-01    5e-01   0   7 3e-08 7e-01            2 -5e-03 4e-02 100
  18 3e-01    7e-01   0   7 9e-07 1e+00            1 -4e-03 6e-02 100
  19 8e-01    1e+00   0   8 3e-13 6e-01            1 -5e-03 3e-02 100
  20 1e-01    3e-01   0   8 2e-12 1e+00            2 -2e-03 3e-02 100

iter: 21, fev: 26, f:  1e-02, ||x||: 9e-01

iter ||z|| D   eval M s prd  sres   stp bas bfac fev     df    dx ns
  21 2e-01    5e-01   0   8 1e-10 2e+00            1 -2e-03 5e-02 100
  22 4e-01    9e-01   0   8 2e-09 9e-01            1 -2e-03 2e-02 100
  23 8e-02    2e-01   0   8 1e-08 2e+00            2 -1e-03 3e-02 100
  24 1e-01    3e-01   0   8 2e-07 3e+00            1 -8e-04 5e-02 100
  25 4e-01    7e-01   0   9 1e-12 1e+00            1 -1e-03 2e-02 100
  26 5e-02    1e-01   0   9 2e-12 3e+00            2 -6e-04 3e-02 100
  27 2e-01    3e-01   0   9 5e-13 3e+00            1 -6e-04 3e-02 100
  28 2e-01    3e-01   0   9 6e-12 3e+00            1 -6e-04 2e-02 100
  29 1e-01    2e-01   0   9 7e-11 5e+00            1 -4e-04 3e-02 100
  30 2e-01    3e-01   0   9 6e-10 2e+00            1 -5e-04 2e-02 100

iter: 31, fev: 39, f:  2e-03, ||x||: 1e+00

iter ||z|| D   eval M s prd  sres   stp bas bfac fev     df    dx ns
  31 4e-02    1e-01   0   9 1e-09 3e+00            2 -2e-04 2e-02 100
  32 5e-02    1e-01   0   9 2e-08 3e+00            2 -2e-04 1e-02 100
  33 3e-02    8e-02   0   9 2e-08 4e+00            2 -2e-04 2e-02 100
  34 7e-02    1e-01   0   9 1e-07 7e+00            1 -2e-04 3e-02 100
  35 1e-01    3e-01   0   9 3e-07 3e+00            1 -2e-04 1e-02 100
  36 3e-02    7e-02   0   9 6e-07 5e+00            2 -1e-04 2e-02 100
  37 5e-02    9e-02   0  10 2e-11 1e+01            1 -2e-05 3e-02 100
  38 2e-01    3e-01   0  10 3e-12 2e+00            1 -3e-04 8e-03 100
  39 1e-02    3e-02   0  10 9e-12 1e+01            2 -8e-05 2e-02 100
  40 1e-01    2e-01   0  10 3e-12 5e+00            1 -1e-04 1e-02 100

iter: 41, fev: 54, f:  9e-04, ||x||: 1e+00

iter ||z|| D   eval M s prd  sres   stp bas bfac fev     df    dx ns
  41 3e-02    5e-02   0  10 5e-11 7e+00            2 -6e-05 1e-02 100
  42 3e-02    6e-02   0  10 3e-11 6e+00            2 -5e-05 1e-02 100
  43 2e-02    4e-02   0  10 2e-10 9e+00            2 -6e-05 1e-02 100
  44 4e-02    8e-02   0  10 2e-10 1e+01            1 -6e-05 2e-02 100
  45 6e-02    1e-01   0  10 2e-10 7e+00            1 -7e-05 1e-02 100
  46 2e-02    4e-02   0  10 5e-09 7e+00            2 -4e-05 1e-02 100
  47 2e-02    4e-02   0  10 4e-09 9e+00            2 -4e-05 1e-02 100
  48 2e-02    5e-02   0  10 8e-09 7e+00            2 -3e-05 8e-03 100
  49 2e-02    4e-02   0  10 1e-08 9e+00            2 -3e-05 1e-02 100
  50 3e-02    5e-02   0  10 2e-08 2e+01            1 -2e-05 2e-02 100

iter: 51, fev: 70, f:  5e-04, ||x||: 1e+00

iter ||z|| D   eval M s prd  sres   stp bas bfac fev     df    dx ns
  51 7e-02    1e-01   0  10 2e-09 5e+00            1 -6e-05 7e-03 100
  52 1e-02    2e-02   0  11 3e-11 2e+01            2 -3e-05 1e-02 100
  53 4e-02    7e-02   0  10 2e-07 1e+01            1 -3e-05 1e-02 100
  54 2e-02    4e-02   0  11 4e-11 2e+01            1 -1e-05 2e-02 100
  55 7e-02    1e-01   0  10 7e-07 6e+00            1 -4e-05 6e-03 100
  56 7e-03    1e-02   0  11 1e-11 2e+01            2 -2e-05 2e-02 100
  57 5e-02    8e-02   0  11 3e-12 1e+01            1 -3e-05 8e-03 100
  58 1e-02    2e-02   0  11 4e-11 1e+01            2 -1e-05 9e-03 100
  59 1e-02    3e-02   0  11 1e-11 1e+01            2 -1e-05 7e-03 100
  60 9e-03    2e-02   0  11 1e-09 2e+01            2 -1e-05 1e-02 100

iter: 61, fev: 85, f:  3e-04, ||x||: 1e+00

iter ||z|| D   eval M s prd  sres   stp bas bfac fev     df    dx ns
  61 2e-02    3e-02   0  11 7e-10 3e+01            1 -1e-05 2e-02 100
  62 4e-02    7e-02   0  11 1e-11 1e+01            1 -2e-05 7e-03 100
  63 8e-03    2e-02   0  11 3e-10 2e+01            2 -1e-05 1e-02 100
  64 2e-02    3e-02   0  11 2e-10 3e+01            1 -1e-05 1e-02 100
  65 3e-02    6e-02   0  11 2e-10 1e+01            1 -2e-05 7e-03 100
  66 7e-03    1e-02   0  11 4e-09 2e+01            2 -8e-06 9e-03 100
  67 1e-02    3e-02   0  11 2e-09 4e+01            1 -8e-06 1e-02 100
  68 3e-02    6e-02   0  11 3e-09 1e+01            1 -1e-05 6e-03 100
  69 6e-03    1e-02   0  11 4e-08 3e+01            2 -7e-06 9e-03 100
  70 1e-02    3e-02   0  11 2e-08 4e+01            1 -8e-06 1e-02 100

iter: 71, fev: 98, f:  1e-04, ||x||: 1e+00

iter ||z|| D   eval M s prd  sres   stp bas bfac fev     df    dx ns
  71 2e-02    4e-02   0  11 3e-08 2e+01            1 -9e-06 7e-03 100
  72 9e-03    2e-02   0  11 2e-07 2e+01            2 -5e-06 6e-03 100
  73 7e-03    1e-02   0  11 2e-07 3e+01            2 -5e-06 8e-03 100
  74 1e-02    2e-02   0  11 2e-07 5e+01            1 -4e-06 1e-02 100
  75 3e-02    5e-02   0  11 2e-07 1e+01            1 -9e-06 5e-03 100
  76 4e-03    8e-03   0  12 2e-10 4e+01            2 -5e-06 9e-03 100
  77 2e-02    3e-02   0  11 9e-07 3e+01            1 -6e-06 8e-03 100
  78 1e-02    2e-02   0  12 4e-11 5e+01            1 -4e-06 1e-02 100
  79 2e-02    3e-02   0  12 5e-11 3e+01            1 -6e-06 6e-03 100
  80 7e-03    1e-02   0  12 2e-10 3e+01            2 -3e-06 6e-03 100

iter: 81, fev: 113, f:  9e-05, ||x||: 1e+00

iter ||z|| D   eval M s prd  sres   stp bas bfac fev     df    dx ns
  81 7e-03    1e-02   0  12 9e-11 3e+01            2 -3e-06 6e-03 100
  82 5e-03    1e-02   0  12 4e-09 3e+01            2 -3e-06 6e-03 100
  83 8e-03    1e-02   0  12 2e-09 2e+01            2 -2e-06 5e-03 100
  84 7e-03    1e-02   0  12 4e-08 3e+01            2 -2e-06 6e-03 100
  85 9e-03    2e-02   0  12 3e-08 6e+01            1 -3e-06 1e-02 100
  86 2e-02    4e-02   0  12 1e-10 2e+01            1 -5e-06 4e-03 100
  87 4e-03    6e-03   0  12 1e-10 5e+01            2 -3e-06 8e-03 100
  88 1e-02    2e-02   0  12 3e-12 5e+01            1 -3e-06 7e-03 100
  89 1e-02    2e-02   0  12 3e-11 6e+01            1 -3e-06 9e-03 100
  90 1e-02    2e-02   0  12 3e-11 4e+01            1 -3e-06 6e-03 100

iter: 91, fev: 128, f:  6e-05, ||x||: 1e+00

iter ||z|| D   eval M s prd  sres   stp bas bfac fev     df    dx ns
  91 6e-03    1e-02   0  12 5e-11 3e+01            2 -2e-06 4e-03 100
  92 3e-03    7e-03   0  12 1e-10 5e+01            2 -2e-06 7e-03 100
  93 8e-03    1e-02   0  12 8e-11 7e+01            1 -2e-06 9e-03 100
  94 1e-02    2e-02   0  12 9e-11 4e+01            1 -3e-06 5e-03 100
  95 4e-03    8e-03   0  12 5e-10 4e+01            2 -2e-06 5e-03 100
  96 4e-03    8e-03   0  12 6e-10 4e+01            2 -1e-06 5e-03 100
  97 3e-03    7e-03   0  12 1e-09 5e+01            2 -1e-06 6e-03 100
  98 6e-03    1e-02   0  12 1e-09 8e+01            1 -1e-06 1e-02 100
  99 1e-02    3e-02   0  12 9e-10 3e+01            1 -3e-06 4e-03 100
 100 2e-03    5e-03   0  12 9e-09 7e+01            2 -1e-06 7e-03 100

iter: 101, fev: 143, f:  5e-05, ||x||: 1e+00

iter ||z|| D   eval M s prd  sres   stp bas bfac fev     df    dx ns
 101 7e-03    1e-02   0  12 4e-09 7e+01            1 -2e-06 7e-03 100
 102 7e-03    1e-02   0  12 7e-09 7e+01            1 -2e-06 7e-03 100
 103 7e-03    1e-02   0  12 1e-08 6e+01            1 -2e-06 6e-03 100
 104 5e-03    1e-02   0  12 2e-08 9e+01            1 -1e-06 8e-03 100
 105 9e-03    2e-02   0  12 2e-08 5e+01            1 -2e-06 5e-03 100
 106 3e-03    7e-03   0  12 9e-08 5e+01            2 -9e-07 4e-03 100
 107 3e-03    5e-03   0  12 1e-07 6e+01            2 -1e-06 5e-03 100
 108 4e-03    7e-03   0  12 1e-07 5e+01            2 -8e-07 4e-03 100
 109 4e-03    6e-03   0  12 2e-07 6e+01            2 -8e-07 4e-03 100
 110 5e-03    8e-03   0  12 2e-07 1e+02            1 -8e-07 8e-03 100

iter: 111, fev: 157, f:  3e-05, ||x||: 1e+00

iter ||z|| D   eval M s prd  sres   stp bas bfac fev     df    dx ns
 111 1e-02    2e-02   0  12 1e-07 3e+01            1 -2e-06 3e-03 100
 112 2e-03    3e-03   0  13 4e-10 1e+02            2 -8e-07 7e-03 100
 113 8e-03    1e-02   0  12 4e-07 7e+01            1 -1e-06 5e-03 100
 114 4e-03    7e-03   0  13 4e-11 5e+01            2 -6e-07 3e-03 100
 115 2e-03    3e-03   0  13 6e-09 1e+02            2 -8e-07 6e-03 100
 116 6e-03    1e-02   0  13 2e-09 8e+01            1 -1e-06 5e-03 100
 117 5e-03    8e-03   0  13 5e-10 1e+02            1 -8e-07 7e-03 100
 118 9e-03    1e-02   0  13 3e-11 6e+01            1 -1e-06 4e-03 100
 119 3e-03    5e-03   0  13 1e-10 7e+01            2 -6e-07 4e-03 100
 120 3e-03    5e-03   0  13 1e-09 6e+01            2 -5e-07 3e-03 100

iter: 121, fev: 173, f:  3e-05, ||x||: 1e+00

iter ||z|| D   eval M s prd  sres   stp bas bfac fev     df    dx ns
 121 2e-03    4e-03   0  13 8e-09 9e+01            2 -6e-07 4e-03 100
 122 4e-03    7e-03   0  13 6e-09 1e+02            1 -6e-07 7e-03 100
 123 1e-02    2e-02   0  13 2e-10 5e+01            1 -1e-06 3e-03 100
 124 2e-03    3e-03   0  13 1e-10 1e+02            2 -6e-07 5e-03 100
 125 5e-03    8e-03   0  13 1e-11 1e+02            1 -7e-07 6e-03 100
 126 6e-03    9e-03   0  13 5e-11 1e+02            1 -7e-07 5e-03 100
 127 5e-03    7e-03   0  13 9e-11 1e+02            1 -6e-07 6e-03 100
 128 7e-03    1e-02   0  13 9e-11 3e+01            2 -4e-07 1e-03 100
 129 2e-03    1e-03   0  13 2e-09 8e+01            3 -4e-07 3e-03 100
 130 2e-03    4e-03   0  13 4e-09 8e+01            2 -4e-07 3e-03 100

iter: 131, fev: 189, f:  2e-05, ||x||: 1e+00

iter ||z|| D   eval M s prd  sres   stp bas bfac fev     df    dx ns
 131 3e-03    4e-03   0  13 1e-08 8e+01            2 -4e-07 3e-03 100
 132 3e-03    5e-03   0  13 3e-08 6e+01            2 -3e-07 3e-03 100
 133 3e-03    4e-03   0  13 2e-08 7e+01            2 -3e-07 3e-03 100
 134 3e-03    5e-03   0  13 1e-07 6e+01            2 -3e-07 3e-03 100
 135 3e-03    4e-03   0  13 4e-08 7e+01            2 -3e-07 3e-03 100
 136 3e-03    5e-03   0  13 2e-07 6e+01            2 -3e-07 3e-03 100
 137 2e-03    4e-03   0  13 3e-07 8e+01            2 -3e-07 3e-03 100
 138 3e-03    5e-03   0  13 2e-07 6e+01            2 -3e-07 3e-03 100
 139 2e-03    4e-03   0  13 7e-09 8e+01            2 -3e-07 3e-03 100
 140 3e-03    5e-03   0  13 1e-08 6e+01            2 -3e-07 2e-03 100

iter: 141, fev: 209, f:  2e-05, ||x||: 1e+00

iter ||z|| D   eval M s prd  sres   stp bas bfac fev     df    dx ns
 141 2e-03    4e-03   0  13 3e-07 9e+01            2 -3e-07 3e-03 100
 142 3e-03    5e-03   0  13 6e-08 6e+01            2 -2e-07 2e-03 100
 143 2e-03    3e-03   0  13 2e-07 1e+02            2 -3e-07 4e-03 100
 144 4e-03    6e-03   0  13 7e-08 1e+02            1 -4e-07 5e-03 100
 145 5e-03    8e-03   0  13 2e-09 4e+01            2 -3e-07 1e-03 100
 146 1e-03    1e-03   0  13 1e-07 9e+01            3 -2e-07 3e-03 100
 147 2e-03    4e-03   0  13 1e-08 9e+01            2 -3e-07 3e-03 100
 148 2e-03    4e-03   0  13 9e-08 8e+01            2 -2e-07 3e-03 100
 149 2e-03    4e-03   0  13 1e-07 7e+01            2 -2e-07 3e-03 100
 150 2e-03    4e-03   0  13 2e-07 8e+01            2 -2e-07 3e-03 100

iter: 151, fev: 229, f:  1e-05, ||x||: 1e+00

iter ||z|| D   eval M s prd  sres   stp bas bfac fev     df    dx ns
 151 2e-03    4e-03   0  13 3e-07 8e+01            2 -2e-07 3e-03 100
 152 2e-03    4e-03   0  13 3e-07 8e+01            2 -2e-07 3e-03 100
 153 2e-03    4e-03   0  13 3e-07 8e+01            2 -2e-07 2e-03 100
 154 2e-03    4e-03   0  13 3e-08 8e+01            2 -2e-07 3e-03 100
 155 2e-03    4e-03   0  13 4e-07 8e+01            2 -2e-07 2e-03 100
 156 2e-03    4e-03   0  13 1e-07 9e+01            2 -2e-07 3e-03 100
 157 2e-03    4e-03   0  13 7e-09 8e+01            2 -2e-07 2e-03 100
 158 2e-03    3e-03   0  13 6e-08 9e+01            2 -2e-07 3e-03 100
 159 2e-03    4e-03   0  13 2e-07 8e+01            2 -2e-07 2e-03 100
 160 2e-03    3e-03   0  13 2e-07 1e+02            2 -2e-07 3e-03 100

iter: 161, fev: 249, f:  1e-05, ||x||: 1e+00

iter ||z|| D   eval M s prd  sres   stp bas bfac fev     df    dx ns
 161 2e-03    4e-03   0  13 1e-07 8e+01            2 -2e-07 2e-03 100
 162 2e-03    3e-03   0  13 1e-07 1e+02            2 -2e-07 3e-03 100
 163 2e-03    4e-03   0  13 4e-08 7e+01            2 -2e-07 2e-03 100
 164 2e-03    3e-03   0  13 3e-08 1e+02            2 -2e-07 3e-03 100
 165 2e-03    4e-03   0  13 3e-08 7e+01            2 -2e-07 2e-03 100
 166 2e-03    2e-03   0  13 3e-07 5e+01            3 -9e-08 1e-03 100
 167 1e-03    2e-03   0  13 2e-07 2e+02            2 -2e-07 4e-03 100
 168 3e-03    5e-03   0  13 2e-08 6e+01            2 -1e-07 2e-03 100
 169 2e-03    3e-03   0  13 4e-08 1e+01            4 -3e-08 3e-04 100
 170 1e-03    2e-03   0  13 9e-08 1e+02            2 -2e-07 3e-03 100

iter: 171, fev: 272, f:  1e-05, ||x||: 1e+00

iter ||z|| D   eval M s prd  sres   stp bas bfac fev     df    dx ns
 171 2e-03    4e-03   0  13 2e-07 7e+01            2 -1e-07 2e-03 100
 172 2e-03    3e-03   0  13 1e-07 4e+01            3 -7e-08 9e-04 100
 173 1e-03    2e-03   0  13 5e-08 1e+02            2 -2e-07 3e-03 100
 174 2e-03    4e-03   0  13 2e-07 7e+01            2 -1e-07 2e-03 100
 175 2e-03    3e-03   0  13 8e-08 4e+01            3 -6e-08 9e-04 100
 176 1e-03    2e-03   0  13 2e-07 1e+02            2 -2e-07 3e-03 100
 177 2e-03    4e-03   0  13 2e-07 7e+01            2 -1e-07 2e-03 100
 178 2e-03    3e-03   0  13 2e-07 4e+01            3 -6e-08 9e-04 100
 179 1e-03    2e-03   0  13 1e-07 1e+02            2 -2e-07 3e-03 100
 180 2e-03    4e-03   0  13 2e-07 7e+01            2 -1e-07 2e-03 100

iter: 181, fev: 296, f:  1e-05, ||x||: 1e+00

iter ||z|| D   eval M s prd  sres   stp bas bfac fev     df    dx ns
 181 2e-03    3e-03   0  13 1e-07 4e+01            3 -6e-08 9e-04 100
 182 1e-03    2e-03   0  13 2e-07 1e+02            2 -2e-07 3e-03 100
 183 2e-03    4e-03   0  13 1e-07 8e+01            2 -1e-07 2e-03 100
 184 2e-03    3e-03   0  13 1e-07 4e+01            3 -6e-08 9e-04 100
 185 1e-03    2e-03   0  13 3e-07 1e+02            2 -1e-07 3e-03 100
 186 2e-03    4e-03   0  13 1e-07 8e+01            2 -1e-07 2e-03 100
 187 2e-03    2e-03   0  13 2e-07 4e+01            3 -5e-08 9e-04 100
 188 1e-03    2e-03   0  13 2e-07 2e+02            2 -1e-07 3e-03 100
 189 2e-03    4e-03   0  13 2e-07 8e+01            2 -1e-07 2e-03 100
 190 1e-03    2e-03   0  13 2e-07 4e+01            3 -5e-08 9e-04 100

iter: 191, fev: 319, f:  9e-06, ||x||: 1e+00

iter ||z|| D   eval M s prd  sres   stp bas bfac fev     df    dx ns
 191 1e-03    2e-03   0  13 3e-07 2e+02            2 -1e-07 3e-03 100
 192 2e-03    4e-03   0  13 3e-07 8e+01            2 -1e-07 2e-03 100
 193 2e-03    2e-03   0  13 3e-07 1e+01            4 -2e-08 3e-04 100
 194 1e-03    2e-03   0  13 4e-07 2e+02            2 -1e-07 3e-03 100
 195 2e-03    4e-03   0  13 3e-07 8e+01            2 -1e-07 2e-03 100
 196 2e-03    2e-03   0  13 4e-07 2e+01            4 -2e-08 3e-04 100
 197 1e-03    2e-03   0  13 6e-07 2e+02            2 -1e-07 3e-03 100
 198 2e-03    4e-03   0  13 5e-07 8e+01            2 -9e-08 2e-03 100
 199 2e-03    2e-03   0  13 4e-07 2e+01            4 -2e-08 3e-04 100
 200 1e-03    2e-03   0  13 8e-07 2e+02            2 -1e-07 3e-03 100

iter: 201, fev: 345, f:  8e-06, ||x||: 1e+00

iter ||z|| D   eval M s prd  sres   stp bas bfac fev     df    dx ns
 201 2e-03    4e-03   0  13 6e-07 8e+01            2 -9e-08 2e-03 100
 202 2e-03    2e-03   0  13 6e-07 2e+01            4 -2e-08 3e-04 100
 203 1e-03    2e-03   0  14 9e-07 2e+02            2 -1e-07 3e-03 100
 204 2e-03    4e-03   0  13 9e-07 8e+01            2 -9e-08 2e-03 100
 205 2e-03    2e-03   0  13 8e-07 2e+01            4 -2e-08 3e-04 100
 206 1e-03    2e-03   0  15 3e-12 2e+02            2 -1e-07 3e-03 100
 207 2e-03    4e-03   0  14 7e-07 8e+01            2 -8e-08 1e-03 100
 208 1e-03    2e-03   0  14 6e-07 6e+00            5 -8e-09 9e-05 100
 209 1e-03    2e-03   0  15 3e-11 2e+02            2 -1e-07 3e-03 100
 210 2e-03    3e-03   0  14 1e-06 8e+01            2 -8e-08 1e-03 100

iter: 211, fev: 375, f:  8e-06, ||x||: 1e+00

iter ||z|| D   eval M s prd  sres   stp bas bfac fev     df    dx ns
 211 1e-03    2e-03   0  14 3e-07 6e+00            5 -8e-09 9e-05 100
 212 1e-03    2e-03   0  15 3e-12 2e+02            2 -1e-07 3e-03 100
 213 2e-03    3e-03   0  14 4e-09 9e+01            2 -8e-08 1e-03 100
 214 1e-03    2e-03   0  14 6e-07 6e+00            5 -8e-09 9e-05 100
 215 1e-03    2e-03   0  15 2e-11 2e+02            2 -1e-07 3e-03 100
 216 2e-03    3e-03   0  15 1e-12 3e+01            3 -4e-08 5e-04 100
 217 2e-03    2e-03   0  14 5e-08 7e+00            5 -9e-09 1e-04 100
 218 1e-03    2e-03   0  14 3e-07 2e+02            2 -1e-07 3e-03 100
 219 2e-03    3e-03   0  14 3e-07 3e+01            3 -3e-08 5e-04 100
 220 2e-03    2e-03   0  14 4e-07 6e+00            5 -9e-09 9e-05 100

iter: 221, fev: 406, f:  7e-06, ||x||: 1e+00

iter ||z|| D   eval M s prd  sres   stp bas bfac fev     df    dx ns
 221 1e-03    2e-03   0  15 5e-12 2e+02            2 -1e-07 3e-03 100
 222 2e-03    3e-03   0  14 9e-07 3e+01            3 -3e-08 5e-04 100
 223 2e-03    2e-03   0  15 6e-12 6e+00            5 -8e-09 9e-05 100
 224 1e-03    2e-03   0  14 8e-08 2e+02            2 -1e-07 3e-03 100
 225 2e-03    3e-03   0  14 6e-07 3e+01            3 -3e-08 5e-04 100
 226 2e-03    2e-03   0  14 5e-07 6e+00            5 -8e-09 9e-05 100
 227 1e-03    2e-03   0  15 8e-12 2e+02            2 -9e-08 3e-03 100
 228 2e-03    3e-03   0  14 2e-07 3e+01            3 -3e-08 5e-04 100
 229 2e-03    2e-03   0  14 4e-07 6e+00            5 -8e-09 9e-05 100
 230 1e-03    2e-03   0  14 1e-06 2e+02            2 -9e-08 3e-03 100

iter: 231, fev: 439, f:  7e-06, ||x||: 1e+00

iter ||z|| D   eval M s prd  sres   stp bas bfac fev     df    dx ns
 231 2e-03    3e-03   0  14 5e-07 3e+01            3 -3e-08 5e-04 100
 232 2e-03    2e-03   0  14 2e-07 6e+00            5 -8e-09 9e-05 100
 233 1e-03    2e-03   0  15 5e-12 2e+02            2 -9e-08 3e-03 100
 234 2e-03    3e-03   0  14 2e-07 3e+01            3 -3e-08 5e-04 100
 235 2e-03    2e-03   0  14 3e-07 7e+00            5 -7e-09 9e-05 100
 236 1e-03    2e-03   0  15 3e-12 2e+02            2 -9e-08 3e-03 100
 237 2e-03    3e-03   0  14 2e-07 3e+01            3 -3e-08 5e-04 100
 238 2e-03    2e-03   0  14 2e-08 7e+00            5 -7e-09 9e-05 100
 239 9e-04    2e-03   0  15 9e-12 2e+02            2 -9e-08 3e-03 100
 240 2e-03    3e-03   0  14 1e-07 3e+01            3 -3e-08 5e-04 100

iter: 241, fev: 474, f:  6e-06, ||x||: 1e+00

iter ||z|| D   eval M s prd  sres   stp bas bfac fev     df    dx ns
 241 2e-03    2e-03   0  14 1e-07 7e+00            5 -7e-09 9e-05 100
 242 9e-04    2e-03   0  14 3e-07 2e+02            2 -8e-08 3e-03 100
 243 2e-03    3e-03   0  14 6e-07 3e+01            3 -3e-08 5e-04 100
 244 2e-03    2e-03   0  14 4e-08 7e+00            5 -7e-09 9e-05 100
 245 9e-04    2e-03   0  15 1e-11 2e+02            2 -8e-08 3e-03 100
 246 2e-03    3e-03   0  14 8e-07 3e+01            3 -3e-08 5e-04 100
 247 2e-03    2e-03   0  14 2e-08 2e+00            6 -5e-09 3e-05 100
 248 9e-04    2e-03   0  15 3e-12 2e+02            2 -8e-08 3e-03 100
 249 2e-03    3e-03   0  14 8e-08 3e+01            3 -3e-08 5e-04 100
 250 1e-03    2e-03   0  14 3e-08 2e+00            6 -5e-09 3e-05 100

iter: 251, fev: 508, f:  6e-06, ||x||: 1e+00

iter ||z|| D   eval M s prd  sres   stp bas bfac fev     df    dx ns
 251 9e-04    2e-03   0  14 7e-08 2e+02            2 -8e-08 3e-03 100
 252 2e-03    3e-03   0  14 1e-07 3e+01            3 -3e-08 5e-04 100
 253 1e-03    2e-03   0  14 2e-08 2e+00            6 -4e-09 3e-05 100
 254 9e-04    1e-03   0  15 2e-12 2e+02            2 -8e-08 3e-03 100
 255 2e-03    3e-03   0  14 3e-07 4e+01            3 -2e-08 5e-04 100
 256 1e-03    2e-03   0  14 7e-07 2e+00            6 -4e-09 3e-05 100
 257 9e-04    1e-03   0  14 3e-07 2e+02            2 -7e-08 3e-03 100
 258 2e-03    3e-03   0  14 3e-07 4e+01            3 -2e-08 5e-04 100
 259 1e-03    2e-03   0  14 6e-07 2e+00            6 -4e-09 3e-05 100
 260 9e-04    1e-03   0  15 4e-12 2e+02            2 -7e-08 3e-03 100

iter: 261, fev: 544, f:  6e-06, ||x||: 1e+00

iter ||z|| D   eval M s prd  sres   stp bas bfac fev     df    dx ns
 261 2e-03    3e-03   0  14 9e-07 4e+01            3 -2e-08 5e-04 100
 262 1e-03    2e-03   0  14 2e-07 2e+00            6 -4e-09 3e-05 100
 263 9e-04    1e-03   0  14 4e-07 2e+02            2 -7e-08 3e-03 100
 264 2e-03    3e-03   0  14 5e-07 4e+01            3 -2e-08 5e-04 100
 265 1e-03    2e-03   0  15 2e-12 2e+00            6 -4e-09 3e-05 100
 266 8e-04    1e-03   0  15 2e-12 2e+02            2 -7e-08 3e-03 100
 267 2e-03    3e-03   0  14 2e-08 4e+01            3 -2e-08 5e-04 100
 268 1e-03    2e-03   0  14 4e-07 2e+00            6 -4e-09 3e-05 100
 269 8e-04    1e-03   0  14 2e-07 2e+02            2 -7e-08 3e-03 100
 270 2e-03    3e-03   0  14 9e-07 4e+01            3 -2e-08 5e-04 100

iter: 271, fev: 583, f:  5e-06, ||x||: 1e+00

iter ||z|| D   eval M s prd  sres   stp bas bfac fev     df    dx ns
 271 1e-03    2e-03   0  14 4e-07 3e+00            6 -4e-09 3e-05 100
 272 8e-04    1e-03   0  14 8e-07 2e+02            2 -7e-08 3e-03 100
 273 2e-03    3e-03   0  15 6e-12 4e+01            3 -2e-08 5e-04 100
 274 1e-03    2e-03   0  14 1e-07 3e+00            6 -4e-09 3e-05 100
 275 8e-04    1e-03   0  14 4e-07 2e+02            2 -6e-08 3e-03 100
 276 2e-03    3e-03   0  14 3e-07 4e+01            3 -2e-08 5e-04 100
 277 1e-03    2e-03   0  14 7e-07 3e+00            6 -4e-09 3e-05 100
 278 8e-04    1e-03   0  15 3e-12 2e+02            2 -6e-08 3e-03 100
 279 2e-03    2e-03   0  14 7e-07 1e+01            4 -1e-08 2e-04 100
 280 1e-03    2e-03   0  14 8e-08 2e+00            6 -4e-09 3e-05 100

iter: 281, fev: 619, f:  5e-06, ||x||: 1e+00

iter ||z|| D   eval M s prd  sres   stp bas bfac fev     df    dx ns
 281 8e-04    1e-03   0  15 4e-12 2e+02            2 -6e-08 2e-03 100
 282 1e-03    2e-03   0  14 1e-06 1e+01            4 -1e-08 2e-04 100
 283 1e-03    2e-03   0  14 2e-07 2e+00            6 -4e-09 3e-05 100
 284 8e-04    1e-03   0  15 6e-12 2e+02            2 -6e-08 2e-03 100
 285 1e-03    2e-03   0  14 1e-07 1e+01            4 -1e-08 2e-04 100
 286 1e-03    2e-03   0  14 5e-07 3e+00            6 -4e-09 3e-05 100
 287 8e-04    1e-03   0  14 9e-08 2e+02            2 -6e-08 2e-03 100
 288 1e-03    2e-03   0  14 4e-07 1e+01            4 -1e-08 2e-04 100
 289 1e-03    2e-03   0  14 2e-07 3e+00            6 -4e-09 3e-05 100
 290 8e-04    1e-03   0  14 1e-07 2e+02            2 -6e-08 2e-03 100

iter: 291, fev: 659, f:  5e-06, ||x||: 1e+00

iter ||z|| D   eval M s prd  sres   stp bas bfac fev     df    dx ns
 291 1e-03    2e-03   0  14 3e-08 1e+01            4 -1e-08 2e-04 100
 292 1e-03    2e-03   0  14 2e-07 3e+00            6 -3e-09 3e-05 100
 293 8e-04    1e-03   0  14 5e-08 2e+02            2 -6e-08 2e-03 100
 294 1e-03    2e-03   0  14 9e-07 1e+01            4 -1e-08 2e-04 100
 295 1e-03    1e-03   0  14 3e-07 3e+00            6 -3e-09 3e-05 100
 296 8e-04    1e-03   0  14 8e-07 2e+02            2 -6e-08 2e-03 100
 297 1e-03    2e-03   0  14 5e-07 1e+01            4 -9e-09 2e-04 100
 298 1e-03    1e-03   0  15 7e-12 3e+00            6 -3e-09 3e-05 100
 299 7e-04    1e-03   0  14 2e-07 2e+02            2 -5e-08 2e-03 100
 300 1e-03    2e-03   0  14 1e-07 1e+01            4 -9e-09 2e-04 100

iter: 301, fev: 701, f:  5e-06, ||x||: 1e+00

iter ||z|| D   eval M s prd  sres   stp bas bfac fev     df    dx ns
 301 1e-03    1e-03   0  14 7e-07 3e+00            6 -3e-09 3e-05 100
 302 7e-04    1e-03   0  14 7e-08 2e+02            2 -5e-08 2e-03 100
 303 1e-03    2e-03   0  14 9e-07 1e+01            4 -9e-09 2e-04 100
 304 1e-03    1e-03   0  14 1e-06 3e+00            6 -3e-09 3e-05 100
 305 7e-04    1e-03   0  14 6e-07 3e+02            2 -5e-08 2e-03 100
 306 1e-03    2e-03   0  14 4e-07 1e+01            4 -9e-09 2e-04 100
 307 1e-03    1e-03   0  14 3e-08 3e+00            6 -3e-09 3e-05 100
 308 7e-04    1e-03   0  14 8e-07 3e+02            2 -5e-08 2e-03 100
 309 1e-03    2e-03   0  14 6e-08 1e+01            4 -9e-09 2e-04 100
 310 1e-03    1e-03   0  14 4e-07 3e+00            6 -3e-09 3e-05 100

iter: 311, fev: 739, f:  4e-06, ||x||: 1e+00

iter ||z|| D   eval M s prd  sres   stp bas bfac fev     df    dx ns
 311 7e-04    1e-03   0  15 3e-11 3e+02            2 -5e-08 2e-03 100
 312 1e-03    2e-03   0  14 4e-07 1e+01            4 -9e-09 2e-04 100
 313 1e-03    1e-03   0  14 2e-07 3e+00            6 -3e-09 3e-05 100
 314 7e-04    1e-03   0  14 2e-07 3e+02            2 -5e-08 2e-03 100
 315 1e-03    2e-03   0  14 1e-06 2e+01            4 -8e-09 2e-04 100
 316 1e-03    1e-03   0  14 2e-07 3e+00            6 -3e-09 3e-05 100
 317 7e-04    1e-03   0  14 8e-07 3e+02            2 -5e-08 2e-03 100
 318 1e-03    2e-03   0  14 3e-07 2e+01            4 -8e-09 2e-04 100
 319 1e-03    1e-03   0  14 6e-07 3e+00            6 -3e-09 3e-05 100
 320 7e-04    1e-03   0  14 5e-07 3e+02            2 -5e-08 2e-03 100

iter: 321, fev: 779, f:  4e-06, ||x||: 1e+00

iter ||z|| D   eval M s prd  sres   stp bas bfac fev     df    dx ns
 321 1e-03    2e-03   0  14 5e-07 2e+01            4 -8e-09 2e-04 100
 322 1e-03    1e-03   0  14 4e-07 3e+00            6 -3e-09 3e-05 100
 323 7e-04    1e-03   0  14 8e-07 3e+02            2 -5e-08 2e-03 100
 324 1e-03    2e-03   0  14 5e-07 2e+01            4 -8e-09 1e-04 100
 325 1e-03    1e-03   0  14 2e-07 3e+00            6 -3e-09 3e-05 100
 326 6e-04    1e-03   0  14 9e-07 3e+02            2 -5e-08 2e-03 100
 327 1e-03    2e-03   0  14 6e-07 2e+01            4 -8e-09 1e-04 100
 328 1e-03    1e-03   0  14 5e-07 3e+00            6 -3e-09 3e-05 100
 329 6e-04    1e-03   0  14 4e-07 3e+02            2 -4e-08 2e-03 100
 330 1e-03    2e-03   0  14 2e-07 2e+01            4 -8e-09 1e-04 100

iter: 331, fev: 821, f:  4e-06, ||x||: 1e+00

iter ||z|| D   eval M s prd  sres   stp bas bfac fev     df    dx ns
 331 1e-03    1e-03   0  14 1e-07 3e+00            6 -3e-09 3e-05 100
 332 6e-04    1e-03   0  15 2e-10 3e+02            2 -4e-08 2e-03 100
 333 1e-03    2e-03   0  14 2e-07 2e+01            4 -7e-09 1e-04 100
 334 1e-03    1e-03   0  14 3e-07 3e+00            6 -3e-09 3e-05 100
 335 6e-04    1e-03   0  14 1e-06 3e+02            2 -4e-08 2e-03 100
 336 1e-03    2e-03   0  14 3e-07 2e+01            4 -7e-09 1e-04 100
 337 1e-03    1e-03   0  14 2e-08 3e+00            6 -3e-09 3e-05 100
 338 6e-04    1e-03   0  14 2e-07 3e+02            2 -4e-08 2e-03 100
 339 1e-03    2e-03   0  14 5e-07 2e+01            4 -7e-09 1e-04 100
 340 1e-03    1e-03   0  14 3e-07 3e+00            6 -3e-09 3e-05 100

iter: 341, fev: 859, f:  4e-06, ||x||: 1e+00

iter ||z|| D   eval M s prd  sres   stp bas bfac fev     df    dx ns
 341 6e-04    1e-03   0  14 4e-07 3e+02            2 -4e-08 2e-03 100
 342 1e-03    2e-03   0  14 6e-07 2e+01            4 -7e-09 1e-04 100
 343 1e-03    1e-03   0  14 1e-07 3e+00            6 -3e-09 3e-05 100
 344 6e-04    1e-03   0  14 5e-07 3e+02            2 -4e-08 2e-03 100
 345 1e-03    2e-03   0  14 3e-07 2e+01            4 -7e-09 1e-04 100
 346 1e-03    1e-03   0  14 5e-07 3e+00            6 -2e-09 2e-05 100
 347 6e-04    1e-03   0  15 5e-10 3e+02            2 -4e-08 2e-03 100
 348 1e-03    2e-03   0  14 1e-07 2e+01            4 -7e-09 1e-04 100
 349 1e-03    1e-03   0  14 9e-08 3e+00            6 -2e-09 2e-05 100
 350 6e-04    1e-03   0  14 6e-09 3e+02            2 -4e-08 2e-03 100

iter: 351, fev: 899, f:  4e-06, ||x||: 1e+00

iter ||z|| D   eval M s prd  sres   stp bas bfac fev     df    dx ns
 351 1e-03    2e-03   0  14 4e-07 2e+01            4 -7e-09 1e-04 100
 352 1e-03    1e-03   0  15 4e-10 3e+00            6 -2e-09 2e-05 100
 353 6e-04    1e-03   0  14 9e-07 3e+02            2 -4e-08 2e-03 100
 354 1e-03    2e-03   0  14 2e-07 2e+01            4 -7e-09 1e-04 100
 355 1e-03    1e-03   0  14 2e-07 3e+00            6 -2e-09 2e-05 100
 356 5e-04    1e-03   0  14 6e-07 3e+02            2 -4e-08 2e-03 100
 357 1e-03    2e-03   0  14 7e-07 2e+01            4 -7e-09 1e-04 100
 358 1e-03    1e-03   0  14 7e-08 3e+00            6 -2e-09 2e-05 100
 359 5e-04    1e-03   0  15 1e-09 3e+02            2 -4e-08 2e-03 100
 360 1e-03    2e-03   0  14 2e-07 2e+01            4 -6e-09 1e-04 100

iter: 361, fev: 941, f:  4e-06, ||x||: 1e+00

iter ||z|| D   eval M s prd  sres   stp bas bfac fev     df    dx ns
 361 1e-03    1e-03   0  14 8e-07 3e+00            6 -2e-09 2e-05 100
 362 5e-04    1e-03   0  15 1e-09 3e+02            2 -4e-08 2e-03 100
 363 1e-03    2e-03   0  14 6e-07 2e+01            4 -6e-09 1e-04 100
 364 1e-03    1e-03   0  14 5e-07 3e+00            6 -2e-09 2e-05 100
 365 5e-04    1e-03   0  14 4e-07 3e+02            2 -4e-08 2e-03 100
 366 1e-03    2e-03   0  14 8e-07 2e+01            4 -6e-09 1e-04 100
 367 1e-03    1e-03   0  14 4e-07 3e+00            6 -2e-09 2e-05 100
 368 5e-04    1e-03   0  14 9e-07 3e+02            2 -4e-08 2e-03 100
 369 1e-03    2e-03   0  14 2e-07 2e+01            4 -6e-09 1e-04 100
 370 1e-03    1e-03   0  14 1e-07 3e+00            6 -2e-09 2e-05 100

iter: 371, fev: 979, f:  3e-06, ||x||: 1e+00

iter ||z|| D   eval M s prd  sres   stp bas bfac fev     df    dx ns
 371 5e-04    1e-03   0  14 8e-07 3e+02            2 -4e-08 2e-03 100
 372 1e-03    2e-03   0  14 4e-07 2e+01            4 -6e-09 1e-04 100
 373 1e-03    1e-03   0  14 2e-07 3e+00            6 -2e-09 2e-05 100
 374 5e-04    1e-03   0  14 8e-07 3e+02            2 -3e-08 2e-03 100
 375 1e-03    2e-03   0  14 2e-07 2e+01            4 -6e-09 1e-04 100
 376 1e-03    1e-03   0  14 4e-08 0e+00            5  0e+00 0e+00 100

Phase 2 complete: unknown.
Termination status: unknown.
Function value....... 3.31927e-06
Residual............. 0
Phase 1 iterations... 0
Phase 2 iterations... 376
Total iterations..... 376
dnc iterations....... 0
dnc modifications.... 0
P1 degenerate steps.. 0
P2 degenerate steps.. 0
Function evaluations. 1000
Time (sec)........... 12.9479
