
Adding dummy linear equality.

Matrix stats:
 m = 1
 n = 12
 nnz(A) = 0
 max(|A|) = 0.0e+00

Linear constraints:
 <- : 0
 -< : 0
 << : 1
 == : 0
 -- : 0

Variable bounds:
 <- : 0
 -< : 0
 << : 12
 == : 0
 -- : 0

Phase 1 initiated.

Phase 1 complete: feasible point found.

Phase 2 initiated.

iter: 1, fev: 2, f:  1e+00, ||x||: 2e+00

iter ||z|| D   eval M s prd  sres   stp bas bfac fev     df    dx ns
   1 7e+01   -5e-01   0  15 4e-10 2e+00            1 -3e+01 2e+00 12
   2 1e+01   -1e-01 m 0  15 2e-07 3e+00            2 -1e+00 3e-01 12
   3 1e+00   -1e-02 m 0  18 5e-08 2e+01            2 -1e-01 4e-01 12
   4 3e+00   -2e-02 m 0  16 9e-07 6e+00            3 -7e-02 1e-01 12
   5 9e-01   -6e-03 m 0  18 9e-07 2e+01            3 -3e-02 1e-01 12
   6 2e+00   -1e-02 m 0  15 9e-07 3e+00            4 -2e-02 3e-02 12
   7 3e-01   -2e-03 m 0  21 1e-09 6e+01            3 -6e-03 1e-01 12
   8 1e+00   -6e-03 m 0  19 6e-09 2e+00            5 -3e-03 1e-02 12
   9 7e-02   -4e-04 m 0  18 3e-07 1e+02            4 -8e-04 5e-02 12
  10 2e-01   -1e-03 m 0  18 9e-08 4e+00            6 -1e-04 6e-03 12

iter: 11, fev: 35, f:  9e-06, ||x||: 2e+00

iter ||z|| D   eval M s prd  sres   stp bas bfac fev     df    dx ns
  11 2e-02   -3e-06   0  21 6e-07 4e+02            1 -4e-05 1e-01 12
  12 2e-02   -4e-05   0  21 4e-09 4e+00           10 -6e-07 4e-05 12
  13 1e-03   -2e-06   0  21 3e-07 7e+01            7 -5e-08 6e-04 12
  14 9e-04   -2e-06   0  21 3e-07 2e+01            8 -8e-09 2e-04 12
  15 3e-04   -2e-06   0  23 8e-07 5e+04            1 -7e-06 4e-01 12
  16 3e-03   -1e-06   0  18 6e-07 2e+00            7 -1e-08 3e-05 12
  17 9e-04   -1e-05   0  24 6e-07 2e+03            1 -4e-07 2e-02 12
  18 3e-04   -3e-07   0  22 6e-07 2e+00           10 -2e-10 1e-06 12
  19 1e-04   -4e-07   0  25 5e-08 4e+03            3 -7e-09 4e-03 12
  20 9e-05   -3e-07   0  21 1e-07 3e+00           10 -2e-11 2e-06 12

iter: 21, fev: 93, f:  5e-07, ||x||: 2e+00

iter ||z|| D   eval M s prd  sres   stp bas bfac fev     df    dx ns
  21 3e-05   -3e-07   0  25 1e-07 6e+04            1 -4e-08 5e-02 12
  22 4e-04   -2e-07   0  20 9e-07 2e+00            8 -3e-10 2e-06 12
  23 1e-04   -1e-07   0  23 7e-07 1e+03            2 -4e-09 2e-03 12
  24 1e-04   -2e-07   0  22 1e-06 2e+00            9 -3e-11 1e-06 12
  25 5e-05   -2e-07   0  23 9e-07 2e+04            1 -6e-09 8e-03 12
  26 1e-04   -3e-07   0  19 5e-07 3e+00            8 -4e-11 2e-06 12
  27 5e-05   -3e-07   0  20 5e-07 7e+03            1 -6e-09 5e-03 12
  28 7e-05   -2e-07   0  21 8e-07 7e+00            8 -2e-11 3e-06 12
  29 2e-05   -2e-07   0  25 3e-08 2e+04            1 -6e-09 8e-03 12
  30 1e-04   -3e-07   0  23 2e-07 3e+00            8 -2e-11 2e-06 12

iter: 31, fev: 140, f:  5e-07, ||x||: 2e+00

iter ||z|| D   eval M s prd  sres   stp bas bfac fev     df    dx ns
  31 3e-05   -3e-07   0  25 1e-07 7e+03            1 -6e-09 5e-03 12
  32 6e-05   -2e-07   0  19 8e-07 7e+00            8 -1e-11 3e-06 12
  33 2e-05   -2e-07   0  21 6e-07 2e+04            1 -6e-09 7e-03 12
  34 8e-05   -3e-07   0  21 6e-07 9e+00            7 -3e-11 7e-06 12
  35 3e-05   -3e-07   0  23 4e-07 7e+03            1 -6e-09 5e-03 12
  36 5e-05   -2e-07   0  23 7e-07 7e+00            8 -1e-11 3e-06 12
  37 2e-05   -2e-07   0  25 1e-07 2e+04            1 -6e-09 7e-03 12
  38 8e-05   -3e-07   0  22 9e-07 9e+00            7 -3e-11 6e-06 12
  39 3e-05   -3e-07   0  25 9e-08 6e+03            1 -6e-09 5e-03 12
  40 5e-05   -2e-07   0  23 3e-07 7e+00            8 -1e-11 3e-06 12

iter: 41, fev: 183, f:  4e-07, ||x||: 1e+00

iter ||z|| D   eval M s prd  sres   stp bas bfac fev     df    dx ns
  41 2e-05   -2e-07   0  25 5e-08 2e+04            1 -6e-09 7e-03 12
  42 8e-05   -3e-07   0  21 3e-07 9e+00            7 -3e-11 6e-06 12
  43 3e-05   -3e-07   0  23 7e-07 6e+03            1 -5e-09 5e-03 12
  44 5e-05   -2e-07   0  21 8e-07 7e+00            8 -1e-11 3e-06 12
  45 2e-05   -2e-07   0  25 4e-08 2e+04            1 -5e-09 7e-03 12
  46 8e-05   -3e-07   0  21 9e-07 8e+00            7 -3e-11 6e-06 12
  47 3e-05   -3e-07   0  22 9e-07 6e+03            1 -5e-09 5e-03 12
  48 5e-05   -2e-07   0  21 4e-07 7e+00            8 -1e-11 3e-06 12
  49 2e-05   -2e-07   0  25 4e-08 2e+04            1 -5e-09 7e-03 12
  50 8e-05   -3e-07   0  22 4e-07 8e+00            7 -3e-11 6e-06 12

iter: 51, fev: 225, f:  4e-07, ||x||: 1e+00

iter ||z|| D   eval M s prd  sres   stp bas bfac fev     df    dx ns
  51 3e-05   -3e-07   0  25 9e-08 6e+03            1 -5e-09 4e-03 12
  52 5e-05   -2e-07   0  23 9e-07 7e+00            8 -9e-12 3e-06 12
  53 2e-05   -2e-07   0  25 4e-08 2e+04            1 -5e-09 7e-03 12
  54 8e-05   -3e-07   0  22 1e-07 8e+00            7 -3e-11 6e-06 12
  55 3e-05   -3e-07   0  25 9e-08 6e+03            1 -5e-09 4e-03 12
  56 5e-05   -2e-07   0  21 7e-07 8e+00            8 -9e-12 3e-06 12
  57 2e-05   -2e-07   0  25 8e-08 2e+04            1 -5e-09 7e-03 12
  58 8e-05   -3e-07   0  22 3e-07 8e+00            7 -3e-11 6e-06 12
  59 3e-05   -3e-07   0  25 9e-08 6e+03            1 -5e-09 4e-03 12
  60 5e-05   -2e-07   0  24 9e-08 8e+00            8 -9e-12 3e-06 12

iter: 61, fev: 268, f:  4e-07, ||x||: 1e+00

iter ||z|| D   eval M s prd  sres   stp bas bfac fev     df    dx ns
  61 2e-05   -2e-07   0  23 1e-07 2e+04            1 -5e-09 7e-03 12
  62 8e-05   -3e-07   0  21 4e-07 8e+00            7 -2e-11 6e-06 12
  63 3e-05   -3e-07   0  25 9e-08 6e+03            1 -5e-09 4e-03 12
  64 4e-05   -2e-07   0  21 1e-06 8e+00            8 -8e-12 3e-06 12
  65 2e-05   -2e-07   0  21 6e-07 2e+04            1 -5e-09 7e-03 12
  66 8e-05   -3e-07   0  22 4e-07 8e+00            7 -2e-11 6e-06 12
  67 3e-05   -3e-07   0  25 9e-08 6e+03            1 -5e-09 4e-03 12
  68 4e-05   -2e-07   0  23 9e-07 8e+00            8 -8e-12 3e-06 12
  69 1e-05   -1e-07   0  21 8e-07 2e+04            1 -5e-09 7e-03 12
  70 8e-05   -3e-07   0  21 4e-07 8e+00            7 -2e-11 6e-06 12

iter: 71, fev: 310, f:  3e-07, ||x||: 1e+00

iter ||z|| D   eval M s prd  sres   stp bas bfac fev     df    dx ns
  71 3e-05   -3e-07   0  25 8e-08 6e+03            1 -5e-09 4e-03 12
  72 4e-05   -2e-07   0  21 5e-07 8e+00            8 -8e-12 3e-06 12
  73 1e-05   -1e-07   0  25 6e-08 2e+04            1 -5e-09 7e-03 12
  74 8e-05   -3e-07   0  22 5e-07 8e+00            7 -2e-11 5e-06 12
  75 3e-05   -3e-07   0  22 8e-07 6e+03            1 -5e-09 4e-03 12
  76 4e-05   -2e-07   0  21 6e-07 8e+00            8 -7e-12 3e-06 12
  77 1e-05   -1e-07   0  24 4e-08 2e+04            1 -5e-09 7e-03 12
  78 8e-05   -3e-07   0  21 7e-07 8e+00            7 -2e-11 5e-06 12
  79 2e-05   -3e-07   0  25 8e-08 6e+03            1 -4e-09 4e-03 12
  80 4e-05   -1e-07   0  21 4e-07 8e+00            8 -7e-12 3e-06 12

iter: 81, fev: 353, f:  3e-07, ||x||: 1e+00

iter ||z|| D   eval M s prd  sres   stp bas bfac fev     df    dx ns
  81 1e-05   -1e-07   0  25 4e-08 2e+04            1 -4e-09 7e-03 12
  82 8e-05   -3e-07   0  21 3e-07 7e+00            7 -2e-11 5e-06 12
  83 2e-05   -3e-07   0  25 8e-08 5e+03            1 -4e-09 4e-03 12
  84 4e-05   -1e-07   0  23 7e-07 8e+00            8 -7e-12 3e-06 12
  85 1e-05   -1e-07   0  25 4e-08 2e+04            1 -4e-09 7e-03 12
  86 7e-05   -2e-07   0  21 4e-07 7e+00            7 -2e-11 5e-06 12
  87 2e-05   -3e-07   0  25 8e-08 5e+03            1 -4e-09 4e-03 12
  88 4e-05   -1e-07   0  21 9e-07 8e+00            8 -7e-12 3e-06 12
  89 1e-05   -1e-07   0  25 4e-08 2e+04            1 -4e-09 7e-03 12
  90 7e-05   -2e-07   0  21 5e-07 7e+00            7 -2e-11 5e-06 12

iter: 91, fev: 395, f:  3e-07, ||x||: 1e+00

iter ||z|| D   eval M s prd  sres   stp bas bfac fev     df    dx ns
  91 2e-05   -3e-07   0  25 8e-08 5e+03            1 -4e-09 4e-03 12
  92 4e-05   -1e-07   0  21 1e-07 9e+00            8 -7e-12 3e-06 12
  93 1e-05   -1e-07   0  25 4e-08 2e+04            1 -4e-09 7e-03 12
  94 7e-05   -2e-07   0  21 3e-07 7e+00            7 -2e-11 5e-06 12
  95 2e-05   -3e-07   0  21 2e-07 5e+03            1 -4e-09 4e-03 12
  96 4e-05   -1e-07   0  23 4e-08 9e+00            8 -6e-12 3e-06 12
  97 1e-05   -1e-07   0  24 1e-06 2e+04            1 -4e-09 6e-03 12
  98 7e-05   -2e-07   0  21 6e-07 7e+00            7 -2e-11 5e-06 12
  99 2e-05   -3e-07   0  24 5e-07 5e+03            1 -4e-09 4e-03 12
 100 4e-05   -1e-07   0  24 1e-06 9e+00            8 -6e-12 3e-06 12

iter: 101, fev: 438, f:  3e-07, ||x||: 1e+00

iter ||z|| D   eval M s prd  sres   stp bas bfac fev     df    dx ns
 101 1e-05   -1e-07   0  25 4e-08 2e+04            1 -4e-09 6e-03 12
 102 7e-05   -2e-07   0  22 1e-07 7e+00            7 -2e-11 5e-06 12
 103 2e-05   -3e-07   0  24 4e-07 5e+03            1 -4e-09 3e-03 12
 104 4e-05   -1e-07   0  25 9e-09 9e+00            8 -6e-12 3e-06 12
 105 1e-05   -1e-07   0  25 4e-08 2e+04            1 -4e-09 6e-03 12
 106 7e-05   -2e-07   0  22 6e-07 7e+00            7 -2e-11 5e-06 12
 107 2e-05   -2e-07   0  24 8e-08 5e+03            1 -4e-09 3e-03 12
 108 4e-05   -1e-07   0  23 9e-07 9e+00            8 -6e-12 3e-06 12
 109 1e-05   -1e-07   0  25 3e-08 2e+04            1 -4e-09 6e-03 12
 110 7e-05   -2e-07   0  21 3e-08 7e+00            7 -2e-11 5e-06 12

iter: 111, fev: 480, f:  3e-07, ||x||: 1e+00

iter ||z|| D   eval M s prd  sres   stp bas bfac fev     df    dx ns
 111 2e-05   -2e-07   0  21 8e-07 5e+03            1 -4e-09 3e-03 12
 112 4e-05   -1e-07   0  21 6e-07 9e+00            8 -6e-12 3e-06 12
 113 1e-05   -1e-07   0  24 7e-07 2e+04            1 -4e-09 6e-03 12
 114 7e-05   -2e-07   0  22 9e-07 7e+00            7 -2e-11 5e-06 12
 115 2e-05   -2e-07   0  24 1e-07 5e+03            1 -4e-09 3e-03 12
 116 4e-05   -1e-07   0  24 6e-08 9e+00            8 -5e-12 3e-06 12
 117 1e-05   -1e-07   0  22 5e-07 2e+04            1 -4e-09 6e-03 12
 118 7e-05   -2e-07   0  22 2e-07 7e+00            7 -2e-11 4e-06 12
 119 2e-05   -2e-07   0  24 1e-07 5e+03            1 -3e-09 3e-03 12
 120 3e-05   -1e-07   0  24 8e-08 9e+00            8 -5e-12 3e-06 12

iter: 121, fev: 523, f:  2e-07, ||x||: 1e+00

iter ||z|| D   eval M s prd  sres   stp bas bfac fev     df    dx ns
 121 1e-05   -1e-07   0  21 1e-06 2e+04            1 -3e-09 6e-03 12
 122 7e-05   -2e-07   0  22 6e-07 7e+00            7 -2e-11 4e-06 12
 123 2e-05   -2e-07   0  24 6e-07 5e+03            1 -3e-09 3e-03 12
 124 3e-05   -1e-07   0  21 2e-07 9e+00            8 -5e-12 3e-06 12
 125 1e-05   -1e-07   0  24 3e-07 2e+04            1 -3e-09 6e-03 12
 126 7e-05   -2e-07   0  22 5e-07 7e+00            7 -2e-11 4e-06 12
 127 2e-05   -2e-07   0  24 4e-07 5e+03            1 -3e-09 3e-03 12
 128 3e-05   -1e-07   0  23 5e-07 9e+00            8 -5e-12 3e-06 12
 129 1e-05   -1e-07   0  25 3e-08 2e+04            1 -3e-09 6e-03 12
 130 7e-05   -2e-07   0  21 5e-07 7e+00            7 -2e-11 4e-06 12

iter: 131, fev: 565, f:  2e-07, ||x||: 1e+00

iter ||z|| D   eval M s prd  sres   stp bas bfac fev     df    dx ns
 131 2e-05   -2e-07   0  23 8e-07 5e+03            1 -3e-09 3e-03 12
 132 3e-05   -1e-07   0  21 4e-07 9e+00            8 -5e-12 3e-06 12
 133 1e-05   -1e-07   0  21 6e-07 2e+04            1 -3e-09 6e-03 12
 134 7e-05   -2e-07   0  21 2e-07 7e+00            7 -2e-11 4e-06 12
 135 2e-05   -2e-07   0  24 1e-07 5e+03            1 -3e-09 3e-03 12
 136 3e-05   -1e-07   0  25 7e-09 1e+01            8 -5e-12 3e-06 12
 137 9e-06   -1e-07   0  24 7e-08 2e+04            1 -3e-09 6e-03 12
 138 7e-05   -2e-07   0  21 3e-07 6e+00            7 -2e-11 4e-06 12
 139 2e-05   -2e-07   0  24 7e-08 5e+03            1 -3e-09 3e-03 12
 140 3e-05   -1e-07   0  21 9e-07 1e+01            8 -5e-12 3e-06 12

iter: 141, fev: 608, f:  2e-07, ||x||: 1e+00

iter ||z|| D   eval M s prd  sres   stp bas bfac fev     df    dx ns
 141 9e-06   -1e-07   0  25 3e-08 2e+04            1 -3e-09 6e-03 12
 142 7e-05   -2e-07   0  21 2e-07 6e+00            7 -2e-11 4e-06 12
 143 2e-05   -2e-07   0  24 3e-07 5e+03            1 -3e-09 3e-03 12
 144 3e-05   -1e-07   0  22 8e-07 1e+01            8 -4e-12 3e-06 12
 145 9e-06   -1e-07   0  24 4e-08 2e+04            1 -3e-09 6e-03 12
 146 7e-05   -2e-07   0  21 2e-07 6e+00            7 -2e-11 4e-06 12
 147 2e-05   -2e-07   0  23 3e-07 5e+03            1 -3e-09 3e-03 12
 148 3e-05   -1e-07   0  23 7e-07 1e+01            8 -4e-12 3e-06 12
 149 9e-06   -1e-07   0  24 9e-07 2e+04            1 -3e-09 6e-03 12
 150 7e-05   -2e-07   0  21 5e-07 6e+00            7 -2e-11 4e-06 12

iter: 151, fev: 650, f:  2e-07, ||x||: 1e+00

iter ||z|| D   eval M s prd  sres   stp bas bfac fev     df    dx ns
 151 2e-05   -2e-07   0  21 1e-07 5e+03            1 -3e-09 3e-03 12
 152 3e-05   -1e-07   0  21 3e-07 1e+01            8 -4e-12 3e-06 12
 153 9e-06   -1e-07   0  24 4e-08 2e+04            1 -3e-09 6e-03 12
 154 7e-05   -2e-07   0  21 3e-08 6e+00            7 -1e-11 4e-06 12
 155 2e-05   -2e-07   0  23 3e-07 5e+03            1 -3e-09 3e-03 12
 156 3e-05   -1e-07   0  21 7e-07 1e+01            8 -4e-12 3e-06 12
 157 9e-06   -1e-07   0  24 6e-07 2e+04            1 -3e-09 6e-03 12
 158 7e-05   -2e-07   0  21 7e-08 6e+00            7 -1e-11 4e-06 12
 159 2e-05   -2e-07   0  24 9e-07 5e+03            1 -3e-09 3e-03 12
 160 3e-05   -1e-07   0  24 4e-07 1e+01            8 -4e-12 3e-06 12

iter: 161, fev: 693, f:  2e-07, ||x||: 1e+00

iter ||z|| D   eval M s prd  sres   stp bas bfac fev     df    dx ns
 161 8e-06   -1e-07   0  24 7e-08 2e+04            1 -3e-09 6e-03 12
 162 6e-05   -2e-07   0  21 6e-07 6e+00            7 -1e-11 4e-06 12
 163 2e-05   -2e-07   0  22 8e-07 5e+03            1 -3e-09 3e-03 12
 164 3e-05   -1e-07   0  21 6e-07 1e+01            8 -4e-12 3e-06 12
 165 8e-06   -1e-07   0  25 3e-08 2e+04            1 -3e-09 6e-03 12
 166 6e-05   -2e-07   0  21 6e-07 6e+00            7 -1e-11 4e-06 12
 167 2e-05   -2e-07   0  21 3e-07 5e+03            1 -2e-09 3e-03 12
 168 3e-05   -1e-07   0  23 8e-07 1e+01            8 -4e-12 2e-06 12
 169 8e-06   -1e-07   0  24 3e-08 2e+04            1 -3e-09 6e-03 12
 170 6e-05   -2e-07   0  22 2e-07 6e+00            7 -1e-11 4e-06 12

iter: 171, fev: 735, f:  2e-07, ||x||: 1e+00

iter ||z|| D   eval M s prd  sres   stp bas bfac fev     df    dx ns
 171 2e-05   -2e-07   0  24 1e-07 4e+03            1 -2e-09 3e-03 12
 172 3e-05   -1e-07   0  24 6e-08 1e+01            8 -4e-12 2e-06 12
 173 8e-06   -1e-07   0  21 8e-07 2e+04            1 -2e-09 5e-03 12
 174 6e-05   -2e-07   0  22 6e-08 2e+01            6 -3e-11 1e-05 12
 175 2e-05   -2e-07   0  24 5e-08 5e+03            1 -2e-09 3e-03 12
 176 3e-05   -1e-07   0  22 9e-07 1e+01            8 -3e-12 2e-06 12
 177 8e-06   -1e-07   0  24 7e-07 2e+04            1 -2e-09 5e-03 12
 178 6e-05   -2e-07   0  21 2e-07 2e+01            6 -2e-11 1e-05 12
 179 2e-05   -2e-07   0  23 7e-07 5e+03            1 -2e-09 3e-03 12
 180 3e-05   -1e-07   0  22 7e-07 1e+01            8 -3e-12 2e-06 12

iter: 181, fev: 776, f:  2e-07, ||x||: 1e+00

iter ||z|| D   eval M s prd  sres   stp bas bfac fev     df    dx ns
 181 8e-06   -1e-07   0  24 1e-07 2e+04            1 -2e-09 5e-03 12
 182 6e-05   -2e-07   0  22 6e-07 2e+01            6 -2e-11 1e-05 12
 183 2e-05   -2e-07   0  23 2e-07 5e+03            1 -2e-09 2e-03 12
 184 3e-05   -1e-07   0  24 6e-08 1e+01            8 -3e-12 2e-06 12
 185 7e-06   -1e-07   0  24 3e-08 2e+04            1 -2e-09 5e-03 12
 186 6e-05   -2e-07   0  21 9e-07 2e+01            6 -2e-11 1e-05 12
 187 2e-05   -2e-07   0  24 3e-07 5e+03            1 -2e-09 2e-03 12
 188 3e-05   -1e-07   0  24 2e-07 1e+01            8 -3e-12 2e-06 12
 189 7e-06   -1e-07   0  23 6e-07 2e+04            1 -2e-09 5e-03 12
 190 6e-05   -2e-07   0  22 6e-07 2e+01            6 -2e-11 1e-05 12

iter: 191, fev: 815, f:  2e-07, ||x||: 1e+00

iter ||z|| D   eval M s prd  sres   stp bas bfac fev     df    dx ns
 191 2e-05   -2e-07   0  24 5e-08 5e+03            1 -2e-09 2e-03 12
 192 3e-05   -1e-07   0  24 8e-09 1e+01            8 -3e-12 2e-06 12
 193 7e-06   -1e-07   0  24 4e-07 2e+04            1 -2e-09 5e-03 12
 194 6e-05   -2e-07   0  22 1e-07 2e+01            6 -2e-11 1e-05 12
 195 2e-05   -2e-07   0  24 3e-07 5e+03            1 -2e-09 2e-03 12
 196 2e-05   -1e-07   0  21 8e-07 1e+01            8 -3e-12 2e-06 12
 197 7e-06   -1e-07   0  21 1e-07 2e+04            1 -2e-09 5e-03 12
 198 5e-05   -2e-07   0  21 9e-07 2e+01            6 -2e-11 1e-05 12
 199 1e-05   -2e-07   0  24 4e-08 5e+03            1 -2e-09 2e-03 12
 200 2e-05   -1e-07   0  21 5e-07 1e+01            8 -3e-12 2e-06 12

iter: 201, fev: 856, f:  1e-07, ||x||: 1e+00

iter ||z|| D   eval M s prd  sres   stp bas bfac fev     df    dx ns
 201 7e-06   -1e-07   0  23 3e-07 2e+04            1 -2e-09 5e-03 12
 202 5e-05   -2e-07   0  21 4e-07 2e+01            6 -2e-11 9e-06 12
 203 1e-05   -2e-07   0  24 4e-07 5e+03            1 -2e-09 2e-03 12
 204 2e-05   -1e-07   0  21 7e-07 1e+01            8 -3e-12 2e-06 12
 205 7e-06   -9e-08   0  24 2e-08 2e+04            1 -2e-09 5e-03 12
 206 5e-05   -2e-07   0  21 3e-07 2e+01            6 -2e-11 9e-06 12
 207 1e-05   -2e-07   0  23 8e-07 5e+03            1 -2e-09 2e-03 12
 208 2e-05   -1e-07   0  21 2e-07 1e+01            8 -3e-12 2e-06 12
 209 7e-06   -9e-08   0  24 1e-07 2e+04            1 -2e-09 5e-03 12
 210 5e-05   -2e-07   0  21 7e-07 2e+01            6 -2e-11 9e-06 12

iter: 211, fev: 895, f:  1e-07, ||x||: 1e+00

iter ||z|| D   eval M s prd  sres   stp bas bfac fev     df    dx ns
 211 1e-05   -2e-07   0  24 1e-07 5e+03            1 -2e-09 2e-03 12
 212 2e-05   -1e-07   0  21 1e-06 1e+01            8 -3e-12 2e-06 12
 213 6e-06   -9e-08   0  24 2e-07 2e+04            1 -2e-09 5e-03 12
 214 5e-05   -2e-07   0  21 9e-07 2e+01            6 -2e-11 9e-06 12
 215 1e-05   -2e-07   0  24 5e-07 5e+03            1 -2e-09 2e-03 12
 216 2e-05   -9e-08   0  21 8e-07 1e+01            8 -2e-12 2e-06 12
 217 6e-06   -9e-08   0  24 3e-08 2e+04            1 -2e-09 5e-03 12
 218 5e-05   -2e-07   0  21 3e-07 2e+01            6 -2e-11 9e-06 12
 219 1e-05   -2e-07   0  24 4e-08 5e+03            1 -2e-09 2e-03 12
 220 2e-05   -9e-08   0  21 9e-08 1e+01            8 -2e-12 2e-06 12

iter: 221, fev: 936, f:  1e-07, ||x||: 1e+00

iter ||z|| D   eval M s prd  sres   stp bas bfac fev     df    dx ns
 221 6e-06   -9e-08   0  22 1e-06 2e+04            1 -2e-09 4e-03 12
 222 5e-05   -2e-07   0  21 6e-08 2e+01            6 -2e-11 9e-06 12
 223 1e-05   -2e-07   0  24 9e-08 5e+03            1 -2e-09 2e-03 12
 224 2e-05   -9e-08   0  21 9e-07 1e+01            8 -2e-12 2e-06 12
 225 6e-06   -9e-08   0  24 2e-08 2e+04            1 -2e-09 4e-03 12
 226 5e-05   -2e-07   0  22 7e-07 2e+01            6 -2e-11 9e-06 12
 227 1e-05   -2e-07   0  23 5e-07 5e+03            1 -2e-09 2e-03 12
 228 2e-05   -9e-08   0  23 4e-07 1e+01            8 -2e-12 2e-06 12
 229 6e-06   -9e-08   0  24 1e-07 2e+04            1 -2e-09 4e-03 12
 230 5e-05   -2e-07   0  21 4e-07 2e+01            6 -2e-11 9e-06 12

iter: 231, fev: 975, f:  1e-07, ||x||: 1e+00

iter ||z|| D   eval M s prd  sres   stp bas bfac fev     df    dx ns
 231 1e-05   -2e-07   0  24 3e-08 5e+03            1 -2e-09 2e-03 12
 232 2e-05   -9e-08   0  23 4e-08 1e+01            8 -2e-12 2e-06 12
 233 6e-06   -9e-08   0  24 2e-08 2e+04            1 -2e-09 4e-03 12
 234 5e-05   -2e-07   0  21 1e-07 6e+00            7 -8e-12 3e-06 12
 235 1e-05   -2e-07   0  24 3e-08 5e+03            1 -1e-09 2e-03 12
 236 2e-05   -9e-08   0  21 2e-07 0e+00            8  0e+00 0e+00 12

Phase 2 complete: unknown.
Termination status: unknown.
Function value....... 1.11723e-07
Residual............. 0
Phase 1 iterations... 0
Phase 2 iterations... 236
Total iterations..... 236
dnc iterations....... 10
dnc modifications.... 9
P1 degenerate steps.. 0
P2 degenerate steps.. 0
Function evaluations. 1000
Time (sec)........... 7.79692
