
Adding dummy linear equality.

Matrix stats:
 m = 1
 n = 100
 nnz(A) = 0
 max(|A|) = 0.0e+00

Linear constraints:
 <- : 0
 -< : 0
 << : 1
 == : 0
 -- : 0

Variable bounds:
 <- : 0
 -< : 0
 << : 100
 == : 0
 -- : 0

Phase 1 initiated.

Phase 1 complete: feasible point found.

Phase 2 initiated.

iter: 1, fev: 2, f:  3e+04, ||x||: 6e+00

iter ||z|| D   eval M s prd  sres   stp bas bfac fev     df    dx ns
   1 1e+04    7e+01   0   4 5e-14 9e-03            1 -4e+05 7e+00 100
   2 1e+03    1e+01   0   4 7e-12 2e-02            1 -2e+04 4e+00 100
   3 7e+02    2e+01   0   4 2e-09 2e-02            1 -6e+03 8e-01 100
   4 2e+02    1e+01   0   4 8e-07 2e-02            1 -1e+03 7e-01 100
   5 8e+01    9e+00   0   5 1e-07 2e-02            1 -2e+02 3e-01 100
   6 2e+01    3e+00   0   6 2e-08 3e-02            1 -2e+01 1e-01 100
   7 3e+00    4e-01   0   6 6e-07 6e-02            1 -4e-01 3e-02 100
   8 1e-01   -1e-01 m 0   8 3e-07 1e+00            3 -5e-03 8e-02 100
   9 6e-01   -1e-01 m 0  10 1e-08 3e+00            2 -1e-02 1e-01 100
  10 2e+00   -1e-01 m 0 155 9e-07 9e-01            3 -1e-02 8e-02 100

iter: 11, fev: 19, f:  2e+02, ||x||: 1e+00

iter ||z|| D   eval M s prd  sres   stp bas bfac fev     df    dx ns
  11 7e-01   -1e-01 m 3 216 2e-06 9e-01            3 -8e-03 9e-02 100
  12 8e-01   -1e-01 m 0  96 9e-07 8e-01            3 -2e-02 9e-02 100
  13 9e-01   -2e-01 m 0 115 7e-07 7e-01            3 -2e-02 9e-02 100
  14 1e+00   -2e-01 m 3  94 1e-06 6e-01            3 -2e-02 9e-02 100
  15 1e+00   -2e-01 m 0 103 8e-07 6e-01            3 -3e-02 1e-01 100
  16 1e+00   -2e-01 m 0  90 8e-07 4e-01            3 -3e-02 9e-02 100
  17 1e+00   -2e-01 m 0  98 9e-07 4e-01            3 -4e-02 9e-02 100
  18 1e+00   -3e-01 m 0  89 6e-07 8e-01            2 -2e-02 2e-01 100
  19 7e+00   -3e-01   0  91 5e-07 1e+00            2 -2e-01 2e-01 100
  20 5e+00    0e+00   0  81 2e-07 3e+00            3 -8e-02 2e-01 100

iter: 21, fev: 46, f:  2e+02, ||x||: 2e+00

iter ||z|| D   eval M s prd  sres   stp bas bfac fev     df    dx ns
  21 4e+00    0e+00   0  76 7e-07 1e+00            2 -1e-01 2e-01 100
  22 1e+01    0e+00   0 133 7e-07 2e+00            4 -3e-01 2e-01 100
  23 1e+01   -6e-01   0 101 9e-07 5e-01            2 -3e-01 3e-01 100
  24 1e+01    0e+00   0  72 8e-07 7e-01            1 -1e+00 3e-01 100
  25 1e+01   -4e-01   0  93 9e-07 1e-01            3 -9e-01 3e-01 100
  26 1e+01   -3e-01 m 0  78 1e-06 1e+00            2 -2e+00 3e-01 100
  27 2e+01    0e+00   0  47 1e-06 1e-01            3 -1e+00 2e-01 100
  28 7e+00   -8e-01 m 0  54 2e-07 4e-01            2 -1e+00 3e-01 100
  29 2e+01    0e+00   0  35 5e-07 2e-01            2 -2e+00 2e-01 100
  30 6e+00   -5e-01 m 0  47 6e-07 6e-01            2 -1e+00 4e-01 100

iter: 31, fev: 69, f:  2e+02, ||x||: 2e+00

iter ||z|| D   eval M s prd  sres   stp bas bfac fev     df    dx ns
  31 3e+01   -1e-01 m 0  81 6e-07 3e+00            2 -8e-01 2e-01 100
  32 5e+00    0e+00   0  64 8e-07 2e-01            3 -1e+00 2e-01 100
  33 5e+00   -1e-01 m 0  91 1e-06 9e-01            3 -1e+00 3e-01 100
  34 9e+00    0e+00   0 188 2e-07 7e-01            2 -7e-01 3e-01 100
  35 2e+01    0e+00   0 132 7e-07 5e-01            2 -2e+00 4e-01 100
  36 2e+01   -5e-01 m 0 147 5e-07 7e-01            2 -1e+00 3e-01 100
  37 9e+00    0e+00   0 112 8e-07 1e+00            4 -6e-01 2e-01 100
  38 8e+00   -3e-01 m 0 134 1e-06 3e-01            3 -1e+00 2e-01 100
  39 7e+00    0e+00   0 136 9e-07 2e+00            5 -2e-01 1e-01 100
  40 1e+01    0e+00   0 109 5e-07 5e-01            3 -2e-01 2e-01 100

iter: 41, fev: 99, f:  2e+02, ||x||: 2e+00

iter ||z|| D   eval M s prd  sres   stp bas bfac fev     df    dx ns
  41 9e+00    0e+00   0 104 9e-07 2e-01            3 -7e-01 2e-01 100
  42 7e+00   -3e-01   0 131 8e-07 3e-01            3 -7e-01 3e-01 100
  43 2e+01    0e+00   0  80 9e-07 4e-01            1 -2e+00 3e-01 100
  44 2e+01    0e+00   0 151 4e-07 5e-02            3 -2e+00 2e-01 100
  45 1e+01   -1e+00 m 0 125 8e-07 2e-01            2 -2e+00 3e-01 100
  46 1e+01    0e+00   0 139 9e-07 8e-01            3 -5e-01 4e-01 100
  47 2e+01   -4e-01 m 0 100 1e-06 3e-01            3 -2e+00 4e-01 100
  48 2e+01    0e+00   0  87 2e-07 2e-01            3 -1e+00 2e-01 100
  49 7e+00    0e+00   0  88 4e-07 2e-01            3 -9e-01 3e-01 100
  50 8e+00   -5e-01 m 0  91 9e-07 2e-01            3 -2e+00 2e-01 100

iter: 51, fev: 126, f:  2e+02, ||x||: 2e+00

iter ||z|| D   eval M s prd  sres   stp bas bfac fev     df    dx ns
  51 1e+01    0e+00   0  83 8e-08 4e-01            3 -9e-01 2e-01 100
  52 1e+01    0e+00   0  79 8e-07 2e-01            3 -1e+00 3e-01 100
  53 1e+01    0e+00   0  77 4e-07 3e-01            2 -2e+00 3e-01 100
  54 2e+01    0e+00   0  68 4e-07 5e-01            2 -7e-01 7e-01 100
  55 6e+01   -3e-01 m 0  82 8e-07 4e-01            3 -3e+00 4e-01 100
  56 2e+01    0e+00   0  71 1e-06 5e-01            2 -1e+00 4e-01 100
  57 2e+01    0e+00   0  66 8e-07 4e-01            2 -1e+00 5e-01 100
  58 2e+01    0e+00   0  62 9e-07 5e-01            3 -1e+00 5e-01 100
  59 3e+01    0e+00   0  58 3e-07 2e-01            2 -2e+00 2e-01 100
  60 7e+00    0e+00   0  59 6e-07 1e-01            2 -1e+00 1e-01 100

iter: 61, fev: 149, f:  1e+02, ||x||: 2e+00

iter ||z|| D   eval M s prd  sres   stp bas bfac fev     df    dx ns
  61 6e+00    0e+00   0  58 2e-07 1e-01            2 -1e+00 2e-01 100
  62 6e+00    0e+00   0  58 1e-07 7e-02            2 -1e+00 2e-01 100
  63 6e+00    0e+00   0  59 7e-07 9e-02            2 -1e+00 2e-01 100
  64 6e+00    0e+00   0  54 3e-07 2e-01            1 -5e-01 4e-01 100
  65 3e+01    0e+00   0  40 4e-07 1e-01            1 -4e+00 2e-01 100
  66 6e+00   -1e-01 m 0  35 9e-07 4e-01            3 -6e-01 4e-01 100
  67 3e+01    0e+00   0  42 9e-07 2e-01            2 -1e+00 2e-01 100
  68 5e+00   -1e-01 m 0  56 7e-07 8e-01            3 -2e-01 6e-01 100
  69 4e+01    0e+00   0  47 1e-06 2e-01            2 -2e+00 2e-01 100
  70 8e+00    0e+00   0  45 2e-07 5e-01            1 -7e-01 3e-01 100

iter: 71, fev: 167, f:  1e+02, ||x||: 2e+00

iter ||z|| D   eval M s prd  sres   stp bas bfac fev     df    dx ns
  71 1e+01    0e+00   0  34 9e-07 2e-01            1 -1e+00 2e-01 100
  72 3e+00   -1e-01 m 0  47 5e-07 3e-01            4 -3e-01 2e-01 100
  73 7e+00   -2e-01 m 0  48 8e-07 2e+00            2 -4e-01 3e-01 100
  74 8e+00    0e+00   0  39 1e-06 6e-02            2 -3e-01 1e-01 100
  75 4e+00    0e+00   0  37 1e-07 4e-01            3 -1e-01 1e-01 100
  76 5e+00   -1e-01 m 0  38 2e-07 3e-01            4 -3e-01 2e-01 100
  77 8e+00    0e+00   0  63 7e-07 2e-01            2 -3e-01 1e-01 100
  78 3e+00   -2e-01 m 0  92 2e-07 6e-01            3 -3e-02 3e-01 100
  79 2e+01    0e+00   0  63 5e-07 5e-01            1 -1e+00 3e-01 100
  80 9e+00    0e+00   0  43 7e-07 2e-01            2 -4e-01 2e-01 100

iter: 81, fev: 191, f:  1e+02, ||x||: 2e+00

iter ||z|| D   eval M s prd  sres   stp bas bfac fev     df    dx ns
  81 1e+01    0e+00   0  32 7e-07 4e-01            1 -8e-01 3e-01 100
  82 1e+01    0e+00   0  20 3e-07 2e-01            2 -1e-01 3e-01 100
  83 2e+01   -1e-01 m 0  17 2e-07 3e+00            2 -1e+00 2e-01 100
  84 5e+00    0e+00   0  31 1e-06 2e-01            3 -4e-01 2e-01 100
  85 4e+00    0e+00   0  30 6e-07 4e-01            2 -5e-01 3e-01 100
  86 7e+00    0e+00   0  28 5e-07 7e-01            1 -2e-01 5e-01 100
  87 3e+01    0e+00   0  24 3e-07 7e-01            1 -8e-01 3e-01 100
  88 1e+01    0e+00   0  28 8e-07 4e-01            3 -3e-01 1e-01 100
  89 3e+00    0e+00   0  31 5e-08 9e-01            2 -1e-01 3e-01 100
  90 1e+01   -2e-01   0  31 6e-07 2e+00            2 -4e-01 3e-01 100

iter: 91, fev: 212, f:  1e+02, ||x||: 2e+00

iter ||z|| D   eval M s prd  sres   stp bas bfac fev     df    dx ns
  91 1e+01   -1e-01 m 0  26 7e-07 9e-01            3 -5e-01 3e-01 100
  92 9e+00    0e+00   0  40 7e-09 3e-01            2 -4e-01 2e-01 100
  93 5e+00    0e+00   0  40 5e-07 4e-01            2 -4e-01 2e-01 100
  94 6e+00   -1e-01 m 0  43 8e-09 2e+00            2 -4e-01 3e-01 100
  95 1e+01   -2e-01   0  43 6e-07 6e-01            3 -1e+00 2e-01 100
  96 6e+00   -3e-01 m 0  45 1e-06 3e-01            3 -5e-01 3e-01 100
  97 2e+01    0e+00   0  42 4e-07 3e-01            4 -8e-01 2e-01 100
  98 9e+00   -5e-01 m 0  44 2e-07 7e-01            2 -8e-01 3e-01 100
  99 2e+01    0e+00   0  35 4e-08 7e-02            2 -1e+00 1e-01 100
 100 6e+00    0e+00   0  36 3e-07 5e-01            2 -3e-01 5e-01 100

iter: 101, fev: 236, f:  1e+02, ||x||: 2e+00

iter ||z|| D   eval M s prd  sres   stp bas bfac fev     df    dx ns
 101 4e+01    0e+00   0  33 5e-07 1e-01            2 -2e+00 1e-01 100
 102 6e+00    0e+00   0  34 4e-07 3e-01            2 -1e+00 3e-01 100
 103 1e+01    0e+00   0  34 3e-08 2e-01            2 -1e+00 2e-01 100
 104 1e+01    0e+00   0  33 9e-08 2e-01            2 -1e+00 2e-01 100
 105 7e+00    0e+00   0  32 8e-07 2e-01            3 -7e-01 2e-01 100
 106 6e+00   -1e-01 m 0  35 7e-08 3e-01            4 -1e+00 3e-01 100
 107 1e+01    0e+00   0  55 9e-08 2e-01            2 -1e+00 2e-01 100
 108 5e+00   -1e-01 m 0 122 9e-07 8e-01            3 -9e-01 4e-01 100
 109 2e+01    0e+00   0 114 1e-06 8e-01            1 -1e+00 5e-01 100
 110 3e+01   -1e-01 m 0 151 9e-07 8e-01            3 -2e+00 4e-01 100

iter: 111, fev: 260, f:  1e+02, ||x||: 2e+00

iter ||z|| D   eval M s prd  sres   stp bas bfac fev     df    dx ns
 111 2e+01    0e+00   0  99 1e-06 8e-01            2 -8e-01 3e-01 100
 112 1e+01    0e+00   0 136 5e-07 6e-01            3 -8e-01 3e-01 100
 113 1e+01   -1e-01 m 0 155 1e-06 8e-01            3 -1e+00 2e-01 100
 114 8e+00    0e+00   0 121 3e-07 4e-01            2 -9e-01 2e-01 100
 115 8e+00   -4e-01 m 0 117 1e-06 8e-01            2 -1e+00 3e-01 100
 116 1e+01   -2e-01 m 0 122 9e-07 5e-01            3 -6e-01 3e-01 100
 117 2e+01    0e+00   0 108 6e-07 3e+00            4 -1e+00 3e-01 100
 118 2e+01   -5e-01   0 111 9e-07 2e-01            3 -1e+00 3e-01 100
 119 2e+01   -7e-01   0 106 2e-07 1e+00            1 -3e+00 3e-01 100
 120 1e+01   -2e-01 m 0 128 1e-06 1e-01            2 -2e+00 2e-01 100

iter: 121, fev: 285, f:  1e+02, ||x||: 2e+00

iter ||z|| D   eval M s prd  sres   stp bas bfac fev     df    dx ns
 121 2e+01   -2e+00   0  96 1e-06 2e-01            2 -2e+00 3e-01 100
 122 1e+01   -1e+00   0  86 9e-07 1e+00            1 -6e-01 4e-01 100
 123 4e+01   -1e-01 m 0 136 1e-06 8e-01            3 -2e+00 6e-01 100
 124 5e+01   -1e+00   0  98 8e-07 2e-01            2 -6e+00 3e-01 100
 125 2e+01   -1e-01 m 0 145 6e-07 2e+00            2 -2e+00 7e-01 100
 126 4e+01    2e-01   0 109 9e-07 4e-01            2 -2e+00 4e-01 100
 127 3e+01   -9e-02 m 0 141 6e-07 1e+00            3 -6e-01 6e-01 100
 128 4e+01   -6e-01   0 140 3e-07 6e-01            2 -4e+00 6e-01 100
 129 4e+01   -2e-01 m 0 133 8e-07 5e-01            3 -4e+00 4e-01 100
 130 1e+01    2e-01   0 117 9e-07 2e-01            3 -2e+00 2e-01 100

iter: 131, fev: 310, f:  7e+01, ||x||: 2e+00

iter ||z|| D   eval M s prd  sres   stp bas bfac fev     df    dx ns
 131 9e+00   -1e-01   0 132 9e-07 3e-01            4 -3e+00 3e-01 100
 132 1e+01   -1e-01   0 127 9e-07 8e-01            3 -3e+00 3e-01 100
 133 2e+01    3e-01   0 109 3e-07 2e-01            2 -2e+00 4e-01 100
 134 3e+01   -6e-01   0 121 8e-07 2e-01            3 -4e+00 3e-01 100
 135 2e+01    0e+00   0  86 1e-06 9e-02            2 -4e+00 2e-01 100
 136 8e+00    7e-01   0  93 8e-07 1e-01            2 -4e+00 3e-01 100
 137 1e+01    0e+00   0  73 8e-07 8e-02            2 -4e+00 1e-01 100
 138 6e+00    4e-01   0  95 7e-07 3e-01            2 -2e+00 7e-01 100
 139 6e+01    7e-01   0  92 6e-07 1e-01            2 -6e+00 3e-01 100
 140 2e+01    7e-01   0  84 6e-07 3e-01            1 -5e+00 5e-01 100

iter: 141, fev: 330, f:  3e+01, ||x||: 2e+00

iter ||z|| D   eval M s prd  sres   stp bas bfac fev     df    dx ns
 141 4e+01    7e-01   0  60 1e-06 3e-01            1 -8e+00 5e-01 100
 142 3e+01    7e-01   0  73 3e-07 3e-01            2 -3e+00 3e-01 100
 143 1e+01    7e-01   0  71 8e-07 3e-01            2 -3e+00 4e-01 100
 144 1e+01    1e-01   0  86 7e-07 4e-01            3 -1e+00 4e-01 100
 145 2e+01    5e-01   0  80 9e-07 4e-01            2 -1e+00 5e-01 100
 146 4e+01    0e+00   0  83 8e-07 2e-01            1 -4e+00 3e-01 100
 147 2e+01    7e-01   0  81 7e-07 2e-01            2 -2e+00 3e-01 100
 148 1e+01    3e-01   0  87 6e-07 2e-01            2 -2e+00 3e-01 100
 149 1e+01    8e-01   0  74 5e-07 7e-02            2 -2e+00 2e-01 100
 150 6e+00    7e-01   0  63 6e-07 1e-01            1 -2e+00 3e-01 100

iter: 151, fev: 348, f:  5e+00, ||x||: 2e+00

iter ||z|| D   eval M s prd  sres   stp bas bfac fev     df    dx ns
 151 1e+01    7e-01   0  58 3e-07 1e-01            1 -3e+00 2e-01 100
 152 7e+00    7e-01   0  50 9e-07 2e-01            2 -1e+00 2e-01 100
 153 1e+01    7e-01   0  48 2e-07 2e-01            2 -1e+00 1e-01 100
 154 4e+00    0e+00   0  44 8e-07 3e-01            2 -9e-01 2e-01 100
 155 6e+00    7e-01   0  46 6e-07 6e-01            1 -6e-01 3e-01 100
 156 2e+01    7e-01   0  34 5e-07 5e-01            1 -9e-01 2e-01 100
 157 3e+00    7e-01   0  28 3e-07 1e+00            1 -1e-01 2e-01 100
 158 5e+00    7e-01   0  24 9e-08 9e-01            1 -5e-02 5e-02 100
 159 3e-01    7e-01   0  17 8e-08 1e+00            1 -1e-03 3e-02 100
 160 1e-01    7e-01   0  11 6e-08 1e+00            1 -1e-05 1e-03 100

iter: 161, fev: 361, f:  9e-18, ||x||: 1e+00

iter ||z|| D   eval M s prd  sres   stp bas bfac fev     df    dx ns
 161 3e-04    7e-01   0   6 3e-07 1e+00            1 -8e-10 3e-05 100

Phase 2 complete: optimality conditions satisfied.

Termination status: optimality conditions satisfied.
Function value....... 9.38677e-18
Residual............. 0
Phase 1 iterations... 0
Phase 2 iterations... 161
Total iterations..... 161
dnc iterations....... 59
dnc modifications.... 44
P1 degenerate steps.. 0
P2 degenerate steps.. 0
Function evaluations. 361
Time (sec)........... 191.104
